-0.434697 0.0213807 0.148095
-0.0243495 -0.00454837 0.0169036
0.00549928 -0.00158364 -0.0272132
0.0218814 -0.0156423 0.00643273
-0.465401 0.335332 0.694462
0.0110109 -0.0178601 -0.00475297
0.346497 -0.172378 -0.269403
-0.00802845 -0.00666096 0.0262572
0.00352431 -0.0071647 0.0221244
-0.000420583 -0.0105378 0.0110652
-0.0103867 -0.00363484 0.0172085
0.00264754 0.00123244 0.011719
-0.265215 0.314442 0.185305
-0.367158 0.212013 0.0915457
-0.00614022 0.0133291 0.00454865
0.00566089 -0.0105884 0.0188848
-0.00210813 -0.0341759 0.00801651
0.296519 -0.512708 -0.141971
-0.00936678 0.00140192 0.00637812
0.0370479 -0.0109481 -0.00379808
-0.430977 0.508435 -0.283575
0.00664527 -0.0915129 -0.0111019
-0.0142194 0.180833 -0.00658459
0.166181 -0.104139 -0.0310857
0.0898201 -0.0471488 -0.0381466
0.121353 -0.00994362 -0.0992407
0.101695 0.142659 0.114623
0.171424 -0.0515768 -0.0744945
0.0873252 0.0630451 -0.0214827
-0.0499548 0.384426 -0.0626735
-0.0544371 0.212342 -0.048141
0.0426469 0.083946 -0.0102823
-0.731923 0.0470293 1.09609
-0.376455 0.055581 0.179361
1.62584 1.08104 -0.0049407
-0.146284 -0.0184523 0.0197793
-0.10334 0.0215688 0.126321
-0.0472793 0.0129876 0.0164486
0.0476413 -0.0156666 0.0274381
0.00737054 0.00673334 0.00492713
-0.023552 0.00288679 -0.00223408
-0.00145694 -0.0176188 0.0311121
-0.0310717 0.0111993 -0.02043
-0.0721875 -0.00486463 -0.000423969
-0.443156 -0.27658 -0.182249
0.0702987 0.0718092 0.0205773
0.00399227 -0.0535859 -0.048062
0.679644 0.485972 0.654248
-0.00978384 -0.0155641 -0.0164238
0.0724578 0.0603267 -0.000642792
-0.00849154 -0.00641328 0.0142888
1.52218 0.507966 0.502281
0.0471686 -0.0123274 0.0117661
0.0842918 0.021385 0.00817686
0.116868 -0.00516155 -0.0120843
0.103433 -0.0333228 0.0365926
0.333371 -0.0571945 -0.0291995
0.0114609 0.0340564 -0.0223605
-0.144719 -0.0523892 -0.0459037
0.00137271 -0.0001788 0.0115255
-0.515133 -0.286837 -0.508764
-0.0320623 -0.00792878 -0.0317057
-0.0329232 -0.0127429 -0.0342078
0.00798252 0.00887302 0.00934315
0.0171918 -0.0175445 -0.00487987
0.469728 0.167472 0.237063
-0.00641173 6.88388e-05 -0.0107306
-0.499265 -0.230041 -0.119836
0.0014121 0.00324183 -0.0020701
0.0193721 0.0117986 0.017541
0.0163788 0.00886735 0.0204924
-0.0353807 -0.000412546 -0.0207293
-0.221625 -0.0182403 -0.236571
-0.00192983 -0.0118399 0.00838537
-0.0133716 -0.00714652 -0.0117966
-0.0170694 -0.00344451 -0.0158274
-0.00765314 -0.0166487 0.00224282
0.00304188 0.00631023 0.00564098
0.0191042 -0.00597138 0.000550004
0.0152342 -0.00169886 -0.0030132
0.0152745 -0.00407701 -0.00235533
0.00314636 -0.00141931 -0.0112299
0.00771108 -0.0060513 -0.0139684
0.00282954 -0.00151175 -0.007812
0.0163909 0.00252328 -0.00988088
0.023351 -0.0019347 -0.00520403
0.35908 -0.140142 -0.000596002
0.0124105 -0.00488829 0.00985154
0.0135819 -0.0187161 0.00855735
0.0130909 -0.011754 0.0152121
0.0272003 -0.00281206 0.0270423
0.0241161 -0.0129685 0.0277552
0.0171053 -0.0359328 0.0167546
0.00303137 -0.00816055 0.0335952
0.00656509 -0.0220409 0.046833
-0.44324 0.356808 -0.0751175
-0.383718 0.195995 -0.261133
-0.0239642 -0.0130965 0.047295
-0.0204892 0.0011869 0.00414937
-0.0345049 0.0039583 -0.0263803
0.343138 -0.250213 0.502666
-0.0347615 0.00224953 0.0234356
-0.0228993 -0.0664673 0.120623
0.0310819 0.125462 0.0270116
0.308861 -0.0542188 0.0941032
0.238487 -0.512304 0.94206
0.0629268 0.156382 0.0932844
0.524812 -0.541185 0.589919
5.79617 0.9457 0.865368
1.50203 -1.17044 -1.22963
0.0337515 -2.47778 -0.945172
-11.1958 -0.177999 -10.2716
0 0 0
-3.80003 -3.98085 -3.2612
-1.45382 1.47975 -0.301789
-0.200861 3.44601 -5.80058
-0.0930214 -0.0618464 -0.0539887
0.104783 0.556686 0.486902
-0.259631 -1.07571 -1.17414
0.000995642 0.0677842 0.00419146
0.0221512 -0.0475662 0.00127923
0.00891339 0.0396555 0.0806887
-0.0511617 0.0833489 0.143135
-0.00272349 0.0323813 0.0304154
-0.0315192 0.33659 0.645434
0.00453646 0.0106088 -0.0021372
-0.0119355 -0.0116181 -0.00376519
-0.17651 0.221574 0.184146
0.284953 -0.347737 -0.222309
